  0.9360    27.4          0        low
  0.5660     37           0        low
  0.6340    36.2          0        low
  0.6930    33.9          0        low
  0.6350    35.6          0        low
  0.6700    34.4          0        low
  0.6740    35.5          0        low
  0.6880    34.6          0        low
  0.7280    33.2          0        low
  0.7430    32.8          0        low
  0.6640    34.7          0        low
  0.8730    28.9          0        low
  0.6080    36.2          0        low
  0.8240    30.2          0        low
  0.5110    37.1          0        low
  0.5630    36.5          0        low
  0.6500    34.1          0        low
  0.6090    34.6          0        low
  0.5910    28.6          0        low
  0.7410    27.5          0        low
  0.8150    29.6          0        low
  0.9000    27.3          0        low
  0.9340    26.6          0        low
  0.9450    26.3          0        low
  0.8890    27.3          0        low
  0.8520     28           0        low
  0.8860    27.4          0        low
  0.9000     27           0        low
  0.8950    26.6          0        low
  0.8900    26.5          0        low
  0.8750    26.9          0        low
  0.8810    27.1          0        low
  0.7960    29.4          0        low
  0.6560    33.3          0        low
  0.5530    37.6          0        low
  0.6280    34.9          0        low
  0.5940    35.8          0        low
  0.6090    37.1          0        low
  0.6420    34.5          0        low
  0.7210    32.2          0        low
  0.7770    30.8          0        low
  0.7580    31.6          0        low
  0.7810    31.1          0        low
  0.7240    32.7          0        low
  0.8670    28.7          0        low
  0.9060    27.6          0        low
  0.9280    27.5          0        low
  0.9150    27.5          0        low
  0.9610    27.2          0        low
  0.7230    32.8          0        low
  0.7500    32.1          0        low
  0.7780    31.4          0        low
  0.7970    30.6          0        low
  0.8210    30.2          0        low
  0.8390    29.6          0        low
  0.7430    33.7          0        low
  0.7260    33.8          0        low
  0.7700    33.1          0        low
  0.7890    32.2          0        low
  0.8230    31.3          0        low
  0.9230    27.9          0        low
  0.6430    35.5          0        low
  0.6540    35.3          0        low
  0.6370    36.1          0        low
  0.6500    35.8          0        low
  0.6390    35.7          0        low
  0.7000    33.7          0        low
  0.6960    33.7          0        low
  0.7390    32.6          0        low
  0.5910    37.2          0        low
  0.5710     38           0        low
  0.6100    36.7          0        low
  0.6520     35           0        low
  0.5300    39.1          0        low
  0.5040    35.9          0        low
  0.5420    36.6          0        low
  0.5590    35.8          0        low
  0.5820    34.9          0        low
  0.5970    35.4          0        low
  0.6480    33.7          0        low
  0.9280    27.5          0        low
  0.8200    33.1          0        low
  0.8160    31.5          0        low
  0.7610    31.7          0        low
  0.6360    35.7          0        low
  0.6830    34.7          0        low
  0.6950    34.1          0        low
  0.6820    36.6          0        low
  0.6220    37.2          0        low
  0.6030    37.2          0        low
  0.5580    33.6          0        low
  0.5440    34.5          0        low
  0.5510    35.8          0        low
  0.5040    36.2          0        low
  0.5090    35.9          0        low
  0.5150    34.9          0        low
  0.5470    34.7          0        low
  0.5730    33.7          0        low
  0.6210    33.3          0        low
  0.6360    32.8          0        low
  0.5640    34.7          0        low
  0.7490    29.1          0        low
  0.4740    37.7          0        low
  0.6120    34.5          0        low
  0.6790    32.4          0        low
  0.7090    31.8          0        low
  0.5760    36.3          0        low
  0.5610    37.2          0        low
  0.6410    34.1          0        low
  0.6590    34.2          0        low
  0.6350    35.5          0        low
  0.6340    35.5          0        low
  0.6900    34.1          0        low
  0.7040    33.5          0        low
  0.7900    30.5          0        low
  0.7360    31.8          0        low
  0.8710    28.8          0        low
  0.8240    30.3          0        low
  0.9360    27.5          0        low
  0.8630    29.1          0        low
  0.7370    32.9          0        low
  0.7380     33           0        low
  0.6420    35.5          0        low
  0.6100    32.2          0        low
  0.8370    28.8          0        low
  0.9390    27.6          0        low
  0.8160    32.4          0        low
  0.8230     31           0        low
  0.7260     33           0        low
  0.7120    32.8          0        low
  0.7470    31.6          0        low
  0.6840    29.5          0        low
  0.6800    32.4          0        low
  0.8600    30.8          0        low
  0.8360    29.7          0        low
  0.6990    35.9          0        low
  0.7720    31.4          0        low
  0.6990    28.8          0        low
  0.7080    28.3          0        low
  0.7170     28           0        low
  0.8220    27.4          0        low
  0.8630    30.5          0        low
  0.8360    30.8          0        low
  0.7670    27.4          0        low
  0.7550    27.8          0        low
  0.7720    27.5          0        low
  0.8560    30.5          0        low
  0.7630    27.1          0        low
  0.7290    28.7          0        low
  0.8260    27.2          0        low
  0.7920    27.5          0        low
  0.8970    28.1          0        low
  0.6180    34.5          0        low
  0.6310    35.4          0        low
  0.5340    37.3          0        low
  0.7430    30.2          0        low
  0.8190    27.3          0        low
  0.8370    26.1          0        low
  0.8290    25.7          0        low
  0.8440    26.9          0        low
  0.9010    27.7          0        low
  0.6990    33.8          0        low
  0.7580    30.4          0        low
  0.8490    26.6          0        low
  0.8300    28.6          0        low
  0.7580    32.1          0        low
  0.7940    31.3          0        low
  0.8990    28.3          0        low
  0.9180    28.9          0        low
  0.8550    25.2          0        low
  0.8710    25.1          0        low
  0.8270    30.2          0        low
  0.9220    27.7          0        low
  0.8730    24.9          0        low
  0.9300    26.4          0        low
  0.9370    27.5          0        low
  0.9120    27.6          0        low
  0.8770    25.4          0        low
  0.6770    34.7          0        low
  0.9330    27.8          0        low
  0.9470    26.8          0        low
  0.9210     28           0        low
  0.9560    27.2          0        low
  0.9330    27.7          0        low
  0.9470    27.5          0        low
  0.7500    32.2          0        low
  0.9030    27.9          0        low
  0.9430    28.2          0        low
  0.9000    28.7          0        low
  0.9440    27.2          0        low
  0.9390    28.5          0        low
  0.9060    28.2          0        low
  0.7460    32.2          0        low
  0.9540    27.7          0        low
  0.6370    33.8          0        low
  0.9670    27.4          0        low
  0.4530    34.8          0        low
  0.4740    31.8          0        low
  0.9520    27.1          0        low
  0.8460    31.7          0        low
  0.9190    27.7          0        low
  0.9640    27.2          0        low
  0.5870     34           0        low
  0.9320    27.8          0        low
  0.9500    27.3          0        low
  0.4670    33.9          0        low
  0.9440    27.7          0        low
  0.8120    30.3          0        low
  0.9670    27.1          0        low
  0.9540    27.6          0        low
  0.9340    25.7          0        low
  0.2880    37.2          0        low
  0.7740    32.9          0        low
  0.4570    32.1          0        low
  0.9400    25.8          0        low
  0.3540    35.1          0        low
  0.9860    26.8          0        low
  0.4350    31.8          0        low
  0.7930    30.9          0        low
  0.4950    31.6          0        low
  0.3940    35.2          0        low
  0.2850    38.1          0        low
  0.9440    27.7          0        low
  0.9770     27           0        low
  0.4470    32.6          0        low
  0.9570    27.1          0        low
  0.9870    26.8          0        low
  0.4790    35.4          0        low
  0.4780    33.8          0        low
  0.9330     26           0        low
  0.8820    29.8          0        low
  0.9360    27.8          0        low
  0.4290    34.5          0        low
  0.5250    35.6          0        low
  0.9570    27.2          0        low
  0.5320    34.8          0        low
  0.7920    30.8          0        low
  0.4380    33.6          0        low
  0.5050    34.1          0        low
  0.4220    31.6          0        low
  0.3150    36.5          0        low
  0.6900    32.5          0        low
  0.5510    34.3          0        low
  0.5200    32.6          0        low
  0.3350     38           0        low
  0.4430    32.2          0        low
  0.9780    26.4          0        low
  0.9550     27           0        low
  0.8380    29.8          0        low
  0.4700    30.8          0        low
  0.9670    27.5          0        low
  0.4070    30.4          0        low
  0.9560    27.6          0        low
  0.5690    29.6          0        low
  0.9870    26.8          0        low
  0.9370    26.1          0        low
  0.8530    29.6          0        low
  0.5780    34.9          0        low
  0.9740    27.4          0        low
  0.5470    33.1          0        low
  0.4070    37.1          0        low
  0.5960    33.2          0        low
  0.5340    32.6          0        low
  0.4130    35.7          0        low
  0.9760    27.7          0        low
  0.4430    36.7          0        low
  0.5290    33.1          0        low
  0.4670    32.1          0        low
  0.9860    27.6          0        low
  0.4180    35.1          0        low
  0.4500    32.5          0        low
  0.9680    27.2          0        low
  0.9840    27.6          0        low
  0.9850    27.5          0        low
  0.4360     32           0        low
  0.4580    31.3          0        low
  0.4850    35.1          0        low
  0.9860    27.3          0        low
  0.4770    28.8          0        low
  0.7310    30.6          0        low
  0.5430    33.2          0        low
  0.9720     27           0        low
  0.4850    33.1          0        low
  0.5790     33           0        low
  0.9680    27.1          0        low
  0.9690     27           0        low
  0.5890    32.4          0        low
  0.5330     30           0        low
  0.9800    27.1          0        low
  0.8780    30.8          0        low
  0.4180     31           0        low
  0.8590    31.1          0        low
  0.5910    30.9          0        low
  0.5700     28           0        low
  0.9720     27           0        low
  0.5600    31.9          0        low
  0.9910    26.3          0        low
  0.7370    31.3          0        low
  0.5440     25           0        low
  0.9520    26.8          0        low
  0.4780    33.1          0        low
  0.5160    27.1          0        low
  0.8950    29.8          0        low
  0.4290    32.6          0        low
  0.9390    27.9          0        low
  0.5830    23.9          0        low
  0.9630     26           0        low
  0.6850    27.8          0        low
  0.6000    30.8          0        low
  0.5440    25.7          0        low
  0.4720    30.3          0        low
  0.6390    33.2          0        low
  0.6090     30           0        low
  0.9720    26.9          0        low
  0.9740    26.2          0        low
  0.8780    28.8          0        low
  0.9580    26.4          0        low
  0.8000     31           0        low
  0.6060    34.1          0        low
  0.5840    30.3          0        low
  0.6110    29.3          0        low
  0.5690    27.9          0        low
  0.6920    31.9          0        low
  0.9520    27.4          0        low
  0.6270    22.1          0        low
  0.6010    31.4          0        low
  0.8010    30.8          0        low
  0.9710    27.2          0        low
  0.9730     27           0        low
  0.7430    30.7          0        low
  0.6460    31.5          0        low
  0.5580     30           0        low
  0.4750    32.7          0        low
  0.9950     27           0        low
  0.6070    29.2          0        low
  0.5010    25.9          0        low
  0.9980    27.1          0        low
  0.6010    28.8          0        low
  0.9690     27           0        low
  0.6420    26.5          0        low
  0.4780    26.7          0        low
  0.5540    31.5          0        low
  0.4720    31.2          0        low
  0.5660    30.6          0        low
  0.6280    28.7          0        low
  0.6650    21.7          0        low
  0.9820    26.9          0        low
  0.6080    26.8          0        low
  1.0000    26.8          0        low
  0.8870    28.5          0        low
  0.5620    30.6          0        low
  0.5630    30.7          0        low
  0.5800    30.6          0        low
  0.6980    26.9          0        low
  0.7620    30.9          0        low
  0.6360    36.2          0        low
  0.7300    30.6          0        low
  0.6160    28.2          0        low
  0.8260    30.2          0        low
  0.5950     30           0        low
  0.7750    29.4          0        low
  0.6600     27           0        low
  0.5190    33.5          0        low
  0.6320    29.3          0        low
  0.6400    35.8          0        low
  0.6500    28.9          0        low
  0.4660    30.9          0        low
  0.6770    34.7          0        low
  0.6950    22.3          0        low
  0.7500    32.5          0        low
  0.9900     27           0        low
  0.5120    30.7          0        low
  0.7280    33.6          0        low
  0.5180    26.9          0        low
  0.6790    27.6          0        low
  0.5970    28.5          0        low
  0.9930    27.2          0        low
  0.7520    29.8          0        low
  0.6760    29.4          0        low
  0.4440    32.1          0        low
  0.5700    24.6          0        low
  0.5820    28.4          0        low
  0.6260     28           0        low
  0.6560    27.6          0        low
  0.6750    26.9          0        low
  0.7870    33.3          0        low
  0.5940    29.4          0        low
  0.7950    27.7          0        low
  0.6760     28           0        low
  0.4970    32.4          0        low
  0.8970    30.8          0        low
  0.5840    33.9          0        low
  0.6740    30.8          0        low
  0.6710    30.4          0        low
  0.7480    22.1          0        low
  0.7640    21.1          0        low
  0.7790    23.4          0        low
  0.7060    23.1          0        low
  0.8520    29.4          0        low
  0.6330    29.8          0        low
  0.6250    31.2          0        low
  0.6490    30.1          0        low
  0.6230    23.6          0        low
  0.7750     23           0        low
  0.5950    29.2          0        low
  0.6800    36.3          0        low
  0.6270    26.1          0        low
  0.8110    22.1          0        low
  0.8240    21.9          0        low
  0.7830    20.3          0        low
  0.7860    29.6          0        low
  0.6890    25.9          0        low
  0.6530    25.8          0        low
  0.7870    23.2          0        low
  0.8330    28.1          0        low
  0.5560     28           0        low
  0.6960     30           0        low
  0.8780    31.7          0        low
  0.7450    21.9          0        low
  0.6070    24.1          0        low
  0.8110    23.4          0        low
  0.8510    27.8          0        low
  0.5520    27.3          0        low
  0.8090    23.8          0        low
  0.6490    27.5          0        low
  0.7720    21.5          0        low
  0.8130    24.5          0        low
  0.8620    24.5          0        low
  0.6380    30.9          0        low
  0.8360    23.5          0        low
  0.8440    28.1          0        low
  0.9250    28.2          0        low
  0.8390    29.8          0        low
  0.9350    27.8          0        low
  0.6130    28.9          0        low
  0.7060    30.5          0        low
  0.9790    27.7          0        mid
  0.9120    23.9          0        mid
  0.7700    30.2          0        mid
  0.7240     32           0        mid
  0.7280    25.6          0        mid
  0.6750    27.9          0        mid
  0.7140    25.9          0        mid
  0.8090    29.2          0        mid
  0.6970    32.5          0        mid
  0.6460    24.1          0        mid
  0.7780    26.5          0        mid
  0.7100    26.9          0        mid
  0.5300    31.1          0        mid
  0.8750    27.4          0        mid
  0.9820     27           0        mid
  0.8850    27.5          0        mid
  0.6100    26.6          0        mid
  0.7080    23.5          0        mid
  0.6920    29.7          0        mid
  0.7880    31.5          0        mid
  0.8840    26.2          0        mid
  0.8990    28.6          0        mid
  0.9120    28.2          0        mid
  0.8500    30.6          0        mid
  0.9250    28.1          0        mid
  0.9370    27.9          0        mid
  0.7350     25           0        mid
  0.9190    28.1          0        mid
  0.6890     30           0        mid
  0.7710    31.8          0        mid
  0.8180    28.8          0        mid
  0.6920    28.8          0        mid
  0.7210    31.7          0        mid
  0.8920    28.7          0        mid
  0.6310    28.5          0        mid
  0.8930    27.6          0        mid
  0.8350    28.5          0        mid
  0.7300    24.6          0        mid
  0.6080    26.9          0        mid
  0.6410    24.2          0        mid
  0.6580    24.5          0        mid
  0.7490    25.3          0        mid
  0.7170    24.8          0        mid
  0.7190     25           0        mid
  0.7450    25.7          0        mid
  0.8920    27.6          0        mid
  0.7120    31.5          0        mid
  0.7200     25           0        mid
  0.9620    27.8          0        mid
  0.6670    25.6          0        mid
  0.8970    27.6          0        mid
  0.6610    24.5          0        mid
  0.7160    24.1          0        mid
  0.9250    28.9          0        mid
  0.7170    25.7          0        mid
  0.8500    33.1          0        mid
  0.9200    26.2          0        mid
  0.9410    25.8          0        mid
  0.7000    24.9          0        mid
  0.8250    25.3          0        mid
  0.6480    26.5          0        mid
  0.9210    26.6          0        mid
  0.8440    29.9          0        mid
  0.6890    28.9          0        mid
  0.8410    28.3          0        mid
  0.9160    28.2          0        mid
  0.9200     28           0        mid
  0.7220    23.7          0        mid
  0.7780    23.7          0        mid
  0.7420    25.1          0        mid
  0.7580    25.5          0        mid
  0.8420    27.8          0        mid
  0.9390    26.1          0        mid
  0.9270    26.8          0        mid
  0.9660     25           0        mid
  0.7770    23.8          0        mid
  0.8800    30.3          0        mid
  0.8400    25.7          0        mid
  0.8780    26.3          0        mid
  0.7410    25.3          0        mid
  0.7250     30           0        mid
  0.9970    27.7          0        mid
  0.6620     29           0        mid
  0.7260    26.3          0        mid
  0.6800     30           0        mid
  0.7530    25.2          0        mid
  0.9350    26.4          0        mid
  0.7610    24.9          0        mid
  0.7710    24.7          0        mid
  0.6860    26.9          0        mid
  0.9310    29.2          0        mid
  1.0000    26.5          0        mid
  0.7130    25.6          0        mid
  0.8660    27.5          0        mid
  0.7600     25           0        mid
  0.7530    26.2          0        mid
  0.6990     28           0        mid
  0.8560     26           0        mid
  0.7330    25.6          0        mid
  0.7580    25.5          0        mid
  0.7620    22.6          0        mid
  0.9200     28           0        mid
  0.7400    25.4          0        mid
  0.7560    25.3          0        mid
  0.7840    24.6          0        mid
  0.7270    25.6          0        mid
  0.9440     26           0        mid
  0.6440    31.8          0        mid
  0.8950    28.3          0        mid
  0.7930    24.3          0        mid
  0.7560    25.3          0        mid
  0.7670    25.4          0        mid
  0.7390    25.6          0        mid
  0.9270    27.9          0        mid
  0.6060    30.9          0        mid
  0.8280    23.2          0        mid
  0.7600    25.5          0        mid
  0.7900    24.8          0        mid
  0.7580    25.4          0        mid
  0.8740    25.8          0        mid
  0.7760    25.9          0        mid
  0.7030    25.2          0        mid
  0.9270    27.6          0        mid
  0.8580     27           0        mid
  0.9560    26.4          0        mid
  0.9420    26.4          0        mid
  0.8640    26.1          0        mid
  0.8580    26.2          0        mid
  0.8580    26.3          0        mid
  0.8000    25.1          0        mid
  0.9530    26.5          0        mid
  0.7510    27.9          0        mid
  0.7930    25.2          0        mid
  0.7910    24.5          0        mid
  1.0000    26.3          0        mid
  0.7210    26.8          0        mid
  0.9280    27.6          0        mid
  0.8740    25.9          0        mid
  0.7420    23.6          0        mid
  0.7770    25.5          0        mid
  0.9390    26.9          0        mid
  0.8160     25           0        mid
  0.7430    27.4          0        mid
  0.9270    27.6          0        mid
  0.7130    27.1          0        mid
  0.7700    25.1          0        mid
  0.9330    27.5          0        mid
  0.8630    26.3          0        mid
  0.8300     26           0        mid
  0.9220    27.7          0        mid
  0.7390    26.1          0        mid
  0.8980    25.8          0        mid
  0.8060    24.6          0        mid
  0.8750    26.3          0        mid
  0.8240    25.6          0        mid
  0.7540    25.2          0        mid
  0.9150    27.7          0        mid
  0.7450    25.5          0        mid
  0.7640    29.9          0        mid
  0.8200     25           0        mid
  0.9310    27.5          0        mid
  1.0000     27           0        mid
  0.9750     26           0        mid
  0.8270    25.2          0        mid
  0.8850    26.2          0        mid
  0.8020    22.1          0        mid
  0.7720     26           0        mid
  0.8310    25.2          0        mid
  0.7910    25.4          0        mid
  0.8010    25.4          0        mid
  0.9400    27.5          0        mid
  0.8700    26.1          0        mid
  0.8970    26.4          0        mid
  0.9090    25.7          0        mid
  0.9290    27.9          0        mid
  0.7680    25.7          0        mid
  0.9060    28.2          0        mid
  0.7640    25.3          0        mid
  0.9860    25.4          0        mid
  0.8130     25           0        mid
  0.8220     25           0        mid
  0.9690    27.8          0        mid
  0.8130    23.9          0        mid
  0.8320    21.5          0        mid
  0.8310    21.6          0        mid
  0.8020    24.4          0        mid
  0.8440    21.4          0        mid
  0.8810    27.2          0        mid
  0.9600    27.3          0        mid
  0.9890    27.4          0        mid
  0.8330    24.2          0        mid
  0.9910    26.8          0        mid
  0.8440    24.7          0        mid
  0.9910    26.7          0        mid
  0.9790    27.3          0        mid
  0.8460    24.4          0        mid
  0.9210    25.7          0        mid
  0.8580    21.4          0        mid
  0.8100    24.6          0        mid
  0.8320    23.6          0        high
  0.8270     27           0        high
  0.8100    24.3          0        high
  0.8710    27.3          0        high
  0.8630    23.2          0        high
  0.8810    27.2          0        high
  0.8420    23.7          0        high
  0.9390    27.7          0        high
  0.9710     27           0        high
  0.8850    27.2          0        high
  0.8640    22.9          0        high
  0.8840    27.2          0        high
  0.8330    23.7          0        high
  0.8940    27.2          0        high
  0.9360    25.9          0        high
  0.9510    27.5          0        high
  0.9040    25.7          0        high
  0.9830    27.2          0        high
  0.9000     26           0        high
  0.9990    26.8          0        high
  0.9850    27.2          0        high
  0.9820    27.2          0        high
  1.0000     27           0        high
  1.0000    26.7          0        high
  1.0000    26.9          0        high
  0.9030    25.8          0        high
  0.8730    23.3          0        high
  0.8830    23.2          0        high
  0.9130    25.4          0        high
  0.9120     26           0        high
  0.9110    27.1          0        high
  0.8710    26.1          0        high
  0.9080    23.3          0        high
  0.8930    27.3          0        high
  0.8790    22.9          0        high
  0.9120    25.6          0        high
  0.8960     23           0        high
  0.9220    25.7          0        high
  0.9670    27.3          0        high
  0.9060    22.7          0        high
  0.8960    25.3          0        high
  0.9040    25.6          0        high
  0.9110    22.5          0        high
  0.8990    22.5          0        high
  0.9110    25.2          0        high
  0.9960    26.2          0        high
  0.9380    25.1          0        high
  0.9960    26.4          0        high
  0.9970    26.5          0        high
  1.0000    26.5          0        high
  0.9780     27           0        high
  0.9840    27.1          0        high
  0.9960    26.6          0        high
  0.9940    26.6          0        high
  1.0000    26.3          0        high
  1.0000    26.6          0        high
  0.9360    27.4          0        low
  0.5660     37           0        low
  0.6340    36.2          0        low
  0.6930    33.9          0        low
  0.6350    35.6          0        low
  0.6700    34.4          0        low
  0.6740    35.5          0        low
  0.6880    34.6          0        low
  0.7280    33.2          0        low
  0.7430    32.8          0        low
  0.6640    34.7          0        low
  0.8730    28.9          0        low
  0.6080    36.2          0        low
  0.8240    30.2          0        low
  0.5110    37.1          0        low
  0.5630    36.5          0        low
  0.6500    34.1          0        low
  0.6090    34.6          0        low
  0.5910    28.6          0        low
  0.7410    27.5          0        low
  0.8150    29.6          0        low
  0.9000    27.3          0        low
  0.9340    26.6          0        low
  0.9450    26.3          0        low
  0.8890    27.3          0        low
  0.8520     28           0        low
  0.8860    27.4          0        low
  0.9000     27           0        low
  0.8950    26.6          0        low
  0.8900    26.5          0        low
  0.8750    26.9          0        low
  0.8810    27.1          0        low
  0.7960    29.4          0        low
  0.6560    33.3          0        low
  0.5530    37.6          0        low
  0.6280    34.9          0        low
  0.5940    35.8          0        low
  0.6090    37.1          0        low
  0.6420    34.5          0        low
  0.7210    32.2          0        low
  0.7770    30.8          0        low
  0.7580    31.6          0        low
  0.7810    31.1          0        low
  0.7240    32.7          0        low
  0.8670    28.7          0        low
  0.9060    27.6          0        low
  0.9280    27.5          0        low
  0.9150    27.5          0        low
  0.9610    27.2          0        low
  0.7230    32.8          0        low
  0.7500    32.1          0        low
  0.7780    31.4          0        low
  0.7970    30.6          0        low
  0.8210    30.2          0        low
  0.8390    29.6          0        low
  0.7430    33.7          0        low
  0.7260    33.8          0        low
  0.7700    33.1          0        low
  0.7890    32.2          0        low
  0.8230    31.3          0        low
  0.9230    27.9          0        low
  0.6430    35.5          0        low
  0.6540    35.3          0        low
  0.6370    36.1          0        low
  0.6500    35.8          0        low
  0.6390    35.7          0        low
  0.7000    33.7          0        low
  0.6960    33.7          0        low
  0.7390    32.6          0        low
  0.5910    37.2          0        low
  0.5710     38           0        low
  0.6100    36.7          0        low
  0.6520     35           0        low
  0.5300    39.1          0        low
  0.5040    35.9          0        low
  0.5420    36.6          0        low
  0.5590    35.8          0        low
  0.5820    34.9          0        low
  0.5970    35.4          0        low
  0.6480    33.7          0        low
  0.9280    27.5          0        low
  0.8200    33.1          0        low
  0.8160    31.5          0        low
  0.7610    31.7          0        low
  0.6360    35.7          0        low
  0.6830    34.7          0        low
  0.6950    34.1          0        low
  0.6820    36.6          0        low
  0.6220    37.2          0        low
  0.6030    37.2          0        low
  0.5580    33.6          0        low
  0.5440    34.5          0        low
  0.5510    35.8          0        low
  0.5040    36.2          0        low
  0.5090    35.9          0        low
  0.5150    34.9          0        low
  0.5470    34.7          0        low
  0.5730    33.7          0        low
  0.6210    33.3          0        low
  0.6360    32.8          0        low
  0.5640    34.7          0        low
  0.7490    29.1          0        low
  0.4740    37.7          0        low
  0.6120    34.5          0        low
  0.6790    32.4          0        low
  0.7090    31.8          0        low
  0.5760    36.3          0        low
  0.5610    37.2          0        low
  0.6410    34.1          0        low
  0.6590    34.2          0        low
  0.6350    35.5          0        low
  0.6340    35.5          0        low
  0.6900    34.1          0        low
  0.7040    33.5          0        low
  0.7900    30.5          0        low
  0.7360    31.8          0        low
  0.8710    28.8          0        low
  0.8240    30.3          0        low
  0.9360    27.5          0        low
  0.8630    29.1          0        low
  0.7370    32.9          0        low
  0.7380     33           0        low
  0.6420    35.5          0        low
  0.6100    32.2          0        low
  0.8370    28.8          0        low
  0.9390    27.6          0        low
  0.8160    32.4          0        low
  0.8230     31           0        low
  0.7260     33           0        low
  0.7120    32.8          0        low
  0.7470    31.6          0        low
  0.6840    29.5          0        low
  0.6800    32.4          0        low
  0.8600    30.8          0        low
  0.8360    29.7          0        low
  0.6990    35.9          0        low
  0.7720    31.4          0        low
  0.6990    28.8          0        low
  0.7080    28.3          0        low
  0.7170     28           0        low
  0.8220    27.4          0        low
  0.8630    30.5          0        low
  0.8360    30.8          0        low
  0.7670    27.4          0        low
  0.7550    27.8          0        low
  0.7720    27.5          0        low
  0.8560    30.5          0        low
  0.7630    27.1          0        low
  0.7290    28.7          0        low
  0.8260    27.2          0        low
  0.7920    27.5          0        low
  0.8970    28.1          0        low
  0.6180    34.5          0        low
  0.6310    35.4          0        low
  0.5340    37.3          0        low
  0.7430    30.2          0        low
  0.8190    27.3          0        low
  0.8370    26.1          0        low
  0.8290    25.7          0        low
  0.8440    26.9          0        low
  0.9010    27.7          0        low
  0.6990    33.8          0        low
  0.7580    30.4          0        low
  0.8490    26.6          0        low
  0.8300    28.6          0        low
  0.7580    32.1          0        low
  0.7940    31.3          0        low
  0.8990    28.3          0        low
  0.9180    28.9          0        low
  0.8550    25.2          0        low
  0.8710    25.1          0        low
  0.8270    30.2          0        low
  0.9220    27.7          0        low
  0.8730    24.9          0        low
  0.9300    26.4          0        low
  0.9370    27.5          0        low
  0.9120    27.6          0        low
  0.8770    25.4          0        low
  0.6770    34.7          0        low
  0.9330    27.8          0        low
  0.9470    26.8          0        low
  0.9210     28           0        low
  0.9560    27.2          0        low
  0.9330    27.7          0        low
  0.9470    27.5          0        low
  0.7500    32.2          0        low
  0.9030    27.9          0        low
  0.9430    28.2          0        low
  0.9000    28.7          0        low
  0.9440    27.2          0        low
  0.9390    28.5          0        low
  0.9060    28.2          0        low
  0.7460    32.2          0        low
  0.9540    27.7          0        low
  0.6370    33.8          0        low
  0.9670    27.4          0        low
  0.4530    34.8          0        low
  0.4740    31.8          0        low
  0.9520    27.1          0        low
  0.8460    31.7          0        low
  0.9190    27.7          0        low
  0.9640    27.2          0        low
  0.5870     34           0        low
  0.9320    27.8          0        low
  0.9500    27.3          0        low
  0.4670    33.9          0        low
  0.9440    27.7          0        low
  0.8120    30.3          0        low
  0.9670    27.1          0        low
  0.9540    27.6          0        low
  0.9340    25.7          0        low
  0.2880    37.2          0        low
  0.7740    32.9          0        low
  0.4570    32.1          0        low
  0.9400    25.8          0        low
  0.3540    35.1          0        low
  0.9860    26.8          0        low
  0.4350    31.8          0        low
  0.7930    30.9          0        low
  0.4950    31.6          0        low
  0.3940    35.2          0        low
  0.2850    38.1          0        low
  0.9440    27.7          0        low
  0.9770     27           0        low
  0.4470    32.6          0        low
  0.9570    27.1          0        low
  0.9870    26.8          0        low
  0.4790    35.4          0        low
  0.4780    33.8          0        low
  0.9330     26           0        low
  0.8820    29.8          0        low
  0.9360    27.8          0        low
  0.4290    34.5          0        low
  0.5250    35.6          0        low
  0.9570    27.2          0        low
  0.5320    34.8          0        low
  0.7920    30.8          0        low
  0.4380    33.6          0        low
  0.5050    34.1          0        low
  0.4220    31.6          0        low
  0.3150    36.5          0        low
  0.6900    32.5          0        low
  0.5510    34.3          0        low
  0.5200    32.6          0        low
  0.3350     38           0        low
  0.4430    32.2          0        low
  0.9780    26.4          0        low
  0.9550     27           0        low
  0.8380    29.8          0        low
  0.4700    30.8          0        low
  0.9670    27.5          0        low
  0.4070    30.4          0        low
  0.9560    27.6          0        low
  0.5690    29.6          0        low
  0.9870    26.8          0        low
  0.9370    26.1          0        low
  0.8530    29.6          0        low
  0.5780    34.9          0        low
  0.9740    27.4          0        low
  0.5470    33.1          0        low
  0.4070    37.1          0        low
  0.5960    33.2          0        low
  0.5340    32.6          0        low
  0.4130    35.7          0        low
  0.9760    27.7          0        low
  0.4430    36.7          0        low
  0.5290    33.1          0        low
  0.4670    32.1          0        low
  0.9860    27.6          0        low
  0.4180    35.1          0        low
  0.4500    32.5          0        low
  0.9680    27.2          0        low
  0.9840    27.6          0        low
  0.9850    27.5          0        low
  0.4360     32           0        low
  0.4580    31.3          0        low
  0.4850    35.1          0        low
  0.9860    27.3          0        low
  0.4770    28.8          0        low
  0.7310    30.6          0        low
  0.5430    33.2          0        low
  0.9720     27           0        low
  0.4850    33.1          0        low
  0.5790     33           0        low
  0.9220    29.8          1        low
  0.9680    27.1          0        low
  0.9690     27           0        low
  0.5890    32.4          0        low
  0.5330     30           0        low
  0.9800    27.1          0        low
  0.8780    30.8          0        low
  0.4180     31           0        low
  0.8590    31.1          0        low
  0.5910    30.9          0        low
  0.5700     28           0        low
  0.9720     27           0        low
  0.5600    31.9          0        low
  0.9910    26.3          0        low
  0.7370    31.3          0        low
  0.5440     25           0        low
  0.9520    26.8          0        low
  0.9780    26.9          1        low
  0.4780    33.1          0        low
  0.5160    27.1          0        low
  0.8950    29.8          0        low
  0.4290    32.6          0        low
  0.9390    27.9          0        low
  0.5830    23.9          0        low
  0.9630     26           0        low
  0.6850    27.8          0        low
  0.6000    30.8          0        low
  0.5440    25.7          0        low
  0.4720    30.3          0        low
  0.6390    33.2          0        low
  0.6090     30           0        low
  0.9720    26.9          0        low
  0.9740    26.2          0        low
  0.8780    28.8          0        low
  0.9580    26.4          0        low
  0.8000     31           0        low
  0.6060    34.1          0        low
  0.5840    30.3          0        low
  0.6110    29.3          0        low
  0.5690    27.9          0        low
  0.6920    31.9          0        low
  0.9520    27.4          0        low
  0.6270    22.1          0        low
  0.6010    31.4          0        low
  0.8010    30.8          0        low
  0.9710    27.2          0        low
  0.9730     27           0        low
  0.7430    30.7          0        low
  0.6460    31.5          0        low
  0.9380    28.5          1        low
  0.5580     30           0        low
  0.4750    32.7          0        low
  0.9950     27           0        low
  0.6070    29.2          0        low
  0.5010    25.9          0        low
  0.9980    27.1          0        low
  0.6010    28.8          0        low
  0.9690     27           0        low
  0.6420    26.5          0        low
  0.4780    26.7          0        low
  0.5540    31.5          0        low
  0.4720    31.2          0        low
  0.5660    30.6          0        low
  0.9530    26.8          1        low
  0.6280    28.7          0        low
  0.6650    21.7          0        low
  0.9820    26.9          0        low
  0.6080    26.8          0        low
  1.0000    26.8          0        low
  0.8870    28.5          0        low
  0.5620    30.6          0        low
  0.5630    30.7          0        low
  0.5800    30.6          0        low
  0.6980    26.9          0        low
  0.7620    30.9          0        low
  0.9860    26.8          1        low
  0.6360    36.2          0        low
  0.7300    30.6          0        low
  0.6160    28.2          0        low
  0.8260    30.2          0        low
  0.5950     30           0        low
  0.7750    29.4          0        low
  0.6600     27           0        low
  0.5190    33.5          0        low
  0.6320    29.3          0        low
  0.9940    25.7          1        low
  0.6400    35.8          0        low
  0.6500    28.9          0        low
  0.4660    30.9          0        low
  0.6770    34.7          0        low
  0.6950    22.3          0        low
  0.7500    32.5          0        low
  0.9900     27           0        low
  0.5120    30.7          0        low
  0.7280    33.6          0        low
  0.5180    26.9          0        low
  0.6790    27.6          0        low
  0.5970    28.5          0        low
  0.9930    27.2          0        low
  0.7520    29.8          0        low
  0.6760    29.4          0        low
  0.4440    32.1          0        low
  0.5700    24.6          0        low
  0.5820    28.4          0        low
  0.6260     28           0        low
  0.6560    27.6          0        low
  0.6750    26.9          0        low
  0.7870    33.3          0        low
  0.5940    29.4          0        low
  0.7950    27.7          0        low
  0.6760     28           0        low
  0.4970    32.4          0        low
  0.8970    30.8          0        low
  0.5840    33.9          0        low
  0.6740    30.8          0        low
  0.8880    28.9          1        low
  0.6710    30.4          0        low
  0.7480    22.1          0        low
  0.7640    21.1          0        low
  0.7790    23.4          0        low
  0.7060    23.1          0        low
  0.8520    29.4          0        low
  0.6330    29.8          0        low
  0.6250    31.2          0        low
  0.6490    30.1          0        low
  0.6230    23.6          0        low
  0.7750     23           0        low
  0.5950    29.2          0        low
  0.6800    36.3          0        low
  0.6270    26.1          0        low
  0.8110    22.1          0        low
  0.8240    21.9          0        low
  1.0000    25.9          1        low
  0.7830    20.3          0        low
  0.7860    29.6          0        low
  0.6890    25.9          0        low
  0.6530    25.8          0        low
  0.7870    23.2          0        low
  0.8330    28.1          0        low
  0.5560     28           0        low
  0.6960     30           0        low
  0.8780    31.7          0        low
  0.7450    21.9          0        low
  0.6070    24.1          0        low
  0.8110    23.4          0        low
  0.8510    27.8          0        low
  0.5520    27.3          0        low
  0.8090    23.8          0        low
  0.6490    27.5          0        low
  0.7720    21.5          0        low
  0.9950    26.8          1        low
  0.8130    24.5          0        low
  0.8620    24.5          0        low
  0.6380    30.9          0        low
  0.8360    23.5          0        low
  0.8440    28.1          0        low
  0.9250    28.2          0        low
  0.8390    29.8          0        low
  0.9350    27.8          0        low
  0.6130    28.9          0        low
  0.7060    30.5          0        low
  0.9790    27.7          0        mid
  0.9120    23.9          0        mid
  0.7700    30.2          0        mid
  0.7240     32           0        mid
  0.7280    25.6          0        mid
  0.6750    27.9          0        mid
  0.7140    25.9          0        mid
  0.7800    27.3          1        mid
  0.8090    29.2          0        mid
  0.6970    32.5          0        mid
  0.6460    24.1          0        mid
  0.9270    23.5          1        mid
  0.7780    26.5          0        mid
  0.9640    28.4          1        mid
  0.7100    26.9          0        mid
  0.5300    31.1          0        mid
  0.8750    27.4          0        mid
  0.9820     27           0        mid
  0.8850    27.5          0        mid
  0.6100    26.6          0        mid
  0.7080    23.5          0        mid
  0.6920    29.7          0        mid
  0.7880    31.5          0        mid
  0.8840    26.2          0        mid
  0.8990    28.6          0        mid
  0.9120    28.2          0        mid
  0.8500    30.6          0        mid
  0.9250    28.1          0        mid
  0.9370    27.9          0        mid
  0.7350     25           0        mid
  0.9190    28.1          0        mid
  0.6890     30           0        mid
  0.7710    31.8          0        mid
  1.0000    26.7          1        mid
  0.8180    28.8          0        mid
  0.6920    28.8          0        mid
  0.7210    31.7          0        mid
  0.8920    28.7          0        mid
  0.6310    28.5          0        mid
  0.8930    27.6          0        mid
  0.8350    28.5          0        mid
  0.7300    24.6          0        mid
  0.6080    26.9          0        mid
  0.6410    24.2          0        mid
  0.6580    24.5          0        mid
  0.7490    25.3          0        mid
  0.7170    24.8          0        mid
  0.7190     25           0        mid
  0.7450    25.7          0        mid
  0.8920    27.6          0        mid
  0.7120    31.5          0        mid
  0.8950    30.4          1        mid
  1.0000    25.1          1        mid
  0.7200     25           0        mid
  0.9620    27.8          0        mid
  0.6670    25.6          0        mid
  0.9140    27.2          1        mid
  0.8970    27.6          0        mid
  0.6610    24.5          0        mid
  0.7160    24.1          0        mid
  0.7610    30.8          1        mid
  0.9860    26.8          1        mid
  0.9250    28.9          0        mid
  0.7170    25.7          0        mid
  0.8500    33.1          0        mid
  0.9200    26.2          0        mid
  0.9800     24           1        mid
  0.9410    25.8          0        mid
  0.7000    24.9          0        mid
  0.8250    25.3          0        mid
  0.6480    26.5          0        mid
  0.9210    26.6          0        mid
  0.8440    29.9          0        mid
  0.6890    28.9          0        mid
  0.8410    28.3          0        mid
  0.8650    27.9          1        mid
  0.9160    28.2          0        mid
  0.9200     28           0        mid
  0.7220    23.7          0        mid
  0.7780    23.7          0        mid
  0.7420    25.1          0        mid
  0.7580    25.5          0        mid
  0.8080    29.5          1        mid
  0.8420    27.8          0        mid
  0.9390    26.1          0        mid
  0.9270    26.8          0        mid
  0.9660     25           0        mid
  0.7770    23.8          0        mid
  0.8800    30.3          0        mid
  0.8400    25.7          0        mid
  0.8780    26.3          0        mid
  0.7410    25.3          0        mid
  0.7250     30           0        mid
  0.9970    27.7          0        mid
  0.6620     29           0        mid
  0.7260    26.3          0        mid
  0.6800     30           0        mid
  0.7530    25.2          0        mid
  0.9350    26.4          0        mid
  0.7610    24.9          0        mid
  0.7710    24.7          0        mid
  0.6860    26.9          0        mid
  0.9310    29.2          0        mid
  1.0000    26.5          0        mid
  0.8260     29           1        mid
  0.7130    25.6          0        mid
  0.8660    27.5          0        mid
  0.7600     25           0        mid
  0.7530    26.2          0        mid
  0.6990     28           0        mid
  0.8560     26           0        mid
  0.7330    25.6          0        mid
  0.8690    28.4          1        mid
  0.7580    25.5          0        mid
  0.7620    22.6          0        mid
  0.9200     28           0        mid
  0.7400    25.4          0        mid
  0.7560    25.3          0        mid
  0.7840    24.6          0        mid
  0.7270    25.6          0        mid
  0.9440     26           0        mid
  0.6440    31.8          0        mid
  0.8950    28.3          0        mid
  0.7930    24.3          0        mid
  0.9810    27.8          1        mid
  1.0000    25.8          1        mid
  0.7560    25.3          0        mid
  1.0000    26.3          1        mid
  0.7670    25.4          0        mid
  0.8960    25.8          1        mid
  0.7390    25.6          0        mid
  0.9270    27.9          0        mid
  0.6060    30.9          0        mid
  0.8280    23.2          0        mid
  0.7600    25.5          0        mid
  0.7900    24.8          0        mid
  0.7580    25.4          0        mid
  0.7950    29.9          1        mid
  0.8740    25.8          0        mid
  0.7760    25.9          0        mid
  0.7030    25.2          0        mid
  0.9270    27.6          0        mid
  0.8580     27           0        mid
  0.9560    26.4          0        mid
  0.9420    26.4          0        mid
  0.8640    26.1          0        mid
  0.8580    26.2          0        mid
  0.8580    26.3          0        mid
  0.8000    25.1          0        mid
  0.9530    26.5          0        mid
  0.7510    27.9          0        mid
  0.7930    25.2          0        mid
  0.7910    24.5          0        mid
  1.0000    26.3          0        mid
  0.7210    26.8          0        mid
  0.9280    27.6          0        mid
  0.8740    25.9          0        mid
  0.7420    23.6          0        mid
  0.7770    25.5          0        mid
  0.9390    26.9          0        mid
  0.8160     25           0        mid
  0.8460    28.4          1        mid
  0.7430    27.4          0        mid
  0.9270    27.6          0        mid
  0.7130    27.1          0        mid
  0.7700    25.1          0        mid
  0.9330    27.5          0        mid
  0.9610    28.4          1        mid
  0.8630    26.3          0        mid
  0.8300     26           0        mid
  0.9220    27.7          0        mid
  0.7390    26.1          0        mid
  1.0000    25.9          1        mid
  0.8980    25.8          0        mid
  0.8060    24.6          0        mid
  0.8750    26.3          0        mid
  0.8240    25.6          0        mid
  0.7540    25.2          0        mid
  0.9150    27.7          0        mid
  0.7450    25.5          0        mid
  0.7640    29.9          0        mid
  0.8200     25           0        mid
  0.8220    29.2          1        mid
  0.9310    27.5          0        mid
  0.9600    27.6          1        mid
  1.0000     27           0        mid
  0.9750     26           0        mid
  0.8270    25.2          0        mid
  0.8850    26.2          0        mid
  0.8020    22.1          0        mid
  0.7720     26           0        mid
  0.8310    25.2          0        mid
  0.7910    25.4          0        mid
  0.8010    25.4          0        mid
  0.9400    27.5          0        mid
  0.8700    26.1          0        mid
  0.8970    26.4          0        mid
  0.9090    25.7          0        mid
  0.9290    27.9          0        mid
  0.9250    27.1          1        mid
  0.7680    25.7          0        mid
  0.9060    28.2          0        mid
  0.7640    25.3          0        mid
  0.9860    25.4          0        mid
  0.9750    27.4          1        mid
  0.8130     25           0        mid
  0.8220     25           0        mid
  0.9690    27.8          0        mid
  0.7520    30.6          1        mid
  0.9790    27.1          1        mid
  0.8190     29           1        mid
  0.8130    23.9          0        mid
  0.8320    21.5          0        mid
  0.8310    21.6          0        mid
  0.8020    24.4          0        mid
  0.8440    21.4          0        mid
  0.8810    27.2          0        mid
  0.9600    27.3          0        mid
  0.8530    28.3          1        mid
  0.9890    27.4          0        mid
  1.0000    25.6          1        mid
  0.8510    28.9          1        mid
  0.9630    25.6          1        mid
  0.8330    24.2          0        mid
  0.9910    26.8          0        mid
  0.8440    24.7          0        mid
  0.8480    28.8          1        mid
  0.9910    26.7          0        mid
  0.9790    27.3          0        mid
  0.8460    24.4          0        mid
  0.9130    28.6          1        mid
  0.9210    25.7          0        mid
  0.8580    21.4          0        mid
  0.8100    24.6          0        mid
  0.8760    27.6          1        mid
  0.8320    23.6          0        mid
  0.8270     27           0        high
  0.8100    24.3          0        high
  0.8680    28.5          1        high
  0.8710    27.3          0        high
  0.8630    23.2          0        high
  0.8690    27.2          1        high
  0.8810    27.2          0        high
  0.8420    23.7          0        high
  0.9390    27.7          0        high
  0.9710     27           0        high
  0.8850    27.2          0        high
  0.8640    22.9          0        high
  0.9040    26.1          1        high
  0.8720    27.3          1        high
  0.8840    27.2          0        high
  0.8330    23.7          0        high
  0.9280    27.9          1        high
  0.8940    27.2          0        high
  0.9360    25.9          0        high
  0.9510    27.5          0        high
  0.9040    25.7          0        high
  0.8810    29.1          1        high
  0.9830    27.2          0        high
  0.9000     26           0        high
  0.9990    26.8          0        high
  0.9850    27.2          0        high
  0.9820    27.2          0        high
  1.0000     27           0        high
  1.0000    26.7          0        high
  0.8890    27.6          1        high
  0.9460     26           1        high
  1.0000    26.9          0        high
  0.8860    27.5          1        high
  0.8670    28.3          1        high
  0.9030    25.8          0        high
  0.8730    23.3          0        high
  0.8830    23.2          0        high
  0.9130    25.4          0        high
  0.9820    27.2          1        high
  0.9120     26           0        high
  0.9110    27.1          0        high
  0.9150    27.1          1        high
  0.8710    26.1          0        high
  0.9080    23.3          0        high
  0.8930    27.3          0        high
  0.8790    22.9          0        high
  0.9120    25.6          0        high
  0.8780    27.1          1        high
  0.8520    28.5          1        high
  0.8960     23           0        high
  0.9220    25.7          0        high
  0.8750    27.2          1        high
  0.8880    27.1          1        high
  0.8720    27.4          1        high
  0.9670    27.3          0        high
  0.9060    22.7          0        high
  0.8960    25.3          0        high
  0.9040    25.6          0        high
  0.9110    22.5          0        high
  0.8990    22.5          0        high
  0.9110    25.2          0        high
  0.9960    26.2          0        high
  0.9380    25.1          0        high
  0.9610    26.1          1        high
  0.9740    26.9          1        high
  0.8530    28.7          1        high
  0.8710    26.3          1        high
  0.9960    26.4          0        high
  0.9390    24.9          1        high
  0.9970    26.5          0        high
  1.0000    26.2          1        high
  0.8370    29.2          1        high
  1.0000    26.5          0        high
  0.9780     27           0        high
  0.9840    27.1          0        high
  0.9770    26.2          1        high
  0.9960    26.6          0        high
  0.9950    25.8          1        high
  1.0000     23           1        high
  0.9940    26.6          0        high
  1.0000    26.3          0        high
  1.0000    23.6          1        high
  0.8830    27.3          1        high
  1.0000    25.8          1        high
  0.9890     25           1        high
  1.0000    25.7          1        high
  1.0000    26.6          0        high
  0.9090     27           1        high
  0.9310    27.6          1        high
  0.9050     27           1        high
  0.9020     27           1        high
  0.9250    27.1          1        high
  0.9560    25.8          1        high
  1.0000     26           1        high
  1.0000     26           1        high
  1.0000    25.2          1        high
  0.8850    27.9          1        high
  1.0000    26.6          1        high
  0.9170    26.5          1        high
  1.0000    25.1          1        high
  0.9170    26.8          1        high
  0.9120    27.2          1        high
  0.8800    27.9          1        high
  0.9820    27.2          1        high
  1.0000    26.5          1        high
  0.9510    26.7          1        high
  1.0000    26.4          1        high
  0.9960    26.5          1        high
  0.9540    27.5          1        high
  0.9190    26.9          1        high
  1.0000    26.1          1        high
  0.9510    26.6          1        high
  0.9830    24.4          1        high
  1.0000     26           1        high
  0.9050    27.3          1        high
  1.0000    25.6          1        high
  1.0000    26.5          1        high
  0.9990    25.7          1        high
  1.0000    26.1          1        high
  0.9180    27.1          1        high
  1.0000    26.2          1        high
  0.9430    26.9          1        high
  0.9330    26.9          1        high
  0.9240    27.1          1        high
  1.0000    26.2          1        high
  0.9280    27.1          1        high
  0.9260     27           1        high
  1.0000    26.1          1        high
  1.0000    26.1          1        high
  1.0000    25.9          1        high
